rmse_mean: 6.5385668902372915e-06
mae_mean: 4.041534933333369e-06
r2_mean: 0.9998048048973786
