rmse_mean: 2.1147231611367014e-05
mae_mean: 1.031016989629622e-05
r2_mean: 0.9983447980022838
