rmse_mean: 9.431589339570158e-06
mae_mean: 4.884661253333408e-06
r2_mean: 0.9996989830477598
